X,Y,Z
5.413636,0.003951983025196128,0.14999349315302277
5.413636,-0.002308180029228938,0.14999349315302277
5.424748,0.003996899351477623,0.14999349315302277
5.424748,-0.0023530961479991674,0.14999349315302277
5.435861,0.003996899351477623,0.14999349315302277
5.435861,-0.0023530961479991674,0.14999349315302277
5.446973,0.003996899351477623,0.14999349315302277
5.446973,-0.0023530961479991674,0.14999349315302277
5.458086,0.003996899351477623,0.14999349315302277
5.458086,-0.0023530961479991674,0.14999349315302277
5.469198,0.003996899351477623,0.14999349315302277
5.469198,-0.0023530961479991674,0.14999349315302277
5.480311,0.003996899351477623,0.14999349315302277
5.480311,-0.0023530961479991674,0.14999349315302277
5.491423,0.0008215450896213605,0.14999349315302277
5.498544,0.0014536794644401854,0.0527324
5.478839,0.003996908306865945,0.0647095
5.478839,-0.0023531052502938684,0.0647095
5.466933,0.003996907065059821,0.0647095
5.466933,-0.002353104659569483,0.0647095
5.455027,0.003996905823253697,0.0647095
5.455027,-0.0023531040688450984,0.0647095
5.443122,0.003996904581551874,0.0647095
5.443122,-0.002353103478170329,0.0647095
5.431216,0.00399690333974575,0.0647095
5.431216,-0.002353102887445944,0.0647095
5.419311,0.003996902098043927,0.0647095
5.419311,-0.0023531022967711746,0.0647095
5.407405,0.003996900856237804,0.0647095
5.407405,-0.00235310170604679,0.0647095
5.3955,0.003996899614535981,0.0647095
5.3955,-0.0023531011153720203,0.0647095
5.383594,0.003996899351477623,0.0647095
5.383594,-0.0023531005246476356,0.0647095
5.371688,0.003996899351477623,0.0647095
5.371688,-0.0023530999339232504,0.0647095
5.359783,0.003996899351477623,0.0647095
5.359783,-0.0023530993432484813,0.0647095
5.347877,0.003996899351477623,0.0647095
5.347877,-0.0023530987525240965,0.0647095
5.335972,0.003996899351477623,0.0647095
5.335972,-0.002353098161849327,0.0647095
5.324703,0.003996899351477623,0.0655393
5.324703,-0.0023530975107552395,0.0655393
5.313435,0.003996899351477623,0.0663691
5.313435,-0.0023530968597107673,0.0663691
5.302167,0.003996899351477623,0.0671989
5.302167,-0.0023530962086662954,0.0671989
5.290899,0.003996899351477623,0.0680287
5.290899,-0.0023530961479991674,0.0680287
5.27963,0.003996899351477623,0.0688585
5.27963,-0.0023530961479991674,0.0688585
5.268362,0.0035036229552659476,0.0696883
5.268362,-0.0018598446079405352,0.0696883
5.469425,0.003996899351477623,0.14999349315302277
5.469425,-0.0023530961479991674,0.14999349315302277
5.469639,0.003996899351477623,0.14999349315302277
5.469639,-0.0023530961479991674,0.14999349315302277
5.469844,0.003996899351477623,0.14999349315302277
5.469844,-0.0023530961479991674,0.14999349315302277
5.469967,0.003996899351477623,0.14999349315302277
5.469967,-0.0023530961479991674,0.14999349315302277
5.469997,0.003996899351477623,0.1454059
5.469997,-0.0023530961479991674,0.1454059
5.46982,0.003996899512356902,0.1338161
5.46982,-0.002353097143045743,0.1338161
5.469354,0.003996900765714332,0.12236
5.469354,-0.002353098389717081,0.12236
5.468886,0.003996902032455447,0.1107843
5.468886,-0.002353099649545632,0.1107843
5.46846,0.003996903285848129,0.0993646
5.46846,-0.0023531008941670276,0.0993646
5.468219,0.0039969045724356075,0.0878226
5.468219,-0.0023531021615230377,0.0878226
5.467995,0.003996905861171239,0.0762773
5.467995,-0.002353103430088286,0.0762773
5.458058,0.003996899351477623,0.14999349315302277
5.458058,-0.0023530961479991674,0.14999349315302277
5.45801,0.003996899351477623,0.14999349315302277
5.45801,-0.0023530961479991674,0.14999349315302277
5.457944,0.003996899351477623,0.14999349315302277
5.457944,-0.0023530961479991674,0.14999349315302277
5.45786,0.003996899351477623,0.14999349315302277
5.45786,-0.0023530961479991674,0.14999349315302277
5.457629,0.003996899351477623,0.1456849
5.457629,-0.0023530961479991674,0.1456849
5.457282,0.003996899351477623,0.1342143
5.457282,-0.00235309647682782,0.1342143
5.456716,0.003996899414215681,0.1226534
5.456716,-0.0023530977301536044,0.1226534
5.456087,0.003996900653538279,0.1111712
5.456087,-0.002353098971630505,0.1111712
5.455558,0.003996901912405525,0.0996088
5.455558,-0.002353100226958329,0.0996088
5.455323,0.003996903201153056,0.0880533
5.455323,-0.002353101496108371,0.0880533
5.455162,0.003996904509040464,0.0763973
5.455162,-0.0023531027800693773,0.0763973
5.446775,0.003996899351477623,0.14999349315302277
5.446775,-0.0023530961479991674,0.14999349315302277
5.446567,0.003996899351477623,0.14999349315302277
5.446567,-0.0023530961479991674,0.14999349315302277
5.446332,0.003996899351477623,0.14999349315302277
5.446332,-0.0023530961479991674,0.14999349315302277
5.446073,0.003996899351477623,0.14999349315302277
5.446073,-0.0023530961479991674,0.14999349315302277
5.445797,0.003996899351477623,0.1458691
5.445797,-0.0023530961479991674,0.1458691
5.445285,0.003996899351477623,0.1344567
5.445285,-0.0023530961479991674,0.1344567
5.444789,0.003996899351477623,0.1229282
5.444789,-0.0023530971079285027,0.1229282
5.444184,0.003996899388894982,0.1113749
5.444184,-0.0023530983584768923,0.1113749
5.443777,0.0039969006650555795,0.0997723
5.443777,-0.002353099624313592,0.0997723
5.443422,0.003996901950367473,0.0881369
5.443422,-0.0023531008963658543,0.0881369
5.443269,0.003996903263373813,0.0764432
5.443269,-0.0023531021849024477,0.0764432
5.43562,0.003996899351477623,0.14999349315302277
5.43562,-0.0023530961479991674,0.14999349315302277
5.43523,0.003996899351477623,0.14999349315302277
5.43523,-0.0023530961479991674,0.14999349315302277
5.434931,0.003996899351477623,0.14999349315302277
5.434931,-0.0023530961479991674,0.14999349315302277
5.434637,0.003996899351477623,0.14999349315302277
5.434637,-0.0023530961479991674,0.14999349315302277
5.434179,0.003996899351477623,0.1460219
5.434179,-0.0023530961479991674,0.1460219
5.433718,0.003996899351477623,0.1345561
5.433718,-0.0023530961479991674,0.1345561
5.432886,0.003996899351477623,0.1231305
5.432886,-0.002353096494930066,0.1231305
5.432548,0.003996899351477623,0.111421
5.432548,-0.0023530977760390266,0.111421
5.432092,0.003996899441833584,0.0998116
5.432092,-0.0023530990401982687,0.0998116
5.431816,0.00399690074196546,0.0881183
5.431816,-0.0023531003225877966,0.0881183
5.431492,0.0039969020359998724,0.0764346
5.431492,-0.0023531016015317092,0.0764346
5.424569,0.003996899351477623,0.14999349315302277
5.424569,-0.0023530961479991674,0.14999349315302277
5.424003,0.003996899351477623,0.14999349315302277
5.424003,-0.0023530961479991674,0.14999349315302277
5.423637,0.003996899351477623,0.14999349315302277
5.423637,-0.0023530961479991674,0.14999349315302277
5.423365,0.003996899351477623,0.14999349315302277
5.423365,-0.0023530961479991674,0.14999349315302277
5.423053,0.003996899351477623,0.1459387
5.423053,-0.0023530961479991674,0.1459387
5.422057,0.003996899351477623,0.1348418
5.422057,-0.0023530961479991674,0.1348418
5.420999,0.003996899351477623,0.1232105
5.420999,-0.0023530961479991674,0.1232105
5.420509,0.003996899351477623,0.1114269
5.420509,-0.0023530971780618003,0.1114269
5.420423,0.003996899351477623,0.0996338
5.420423,-0.0023530984809401246,0.0996338
5.420039,0.003996899522535507,0.0880398
5.420039,-0.0023530997469647626,0.0880398
5.419706,0.003996900814369721,0.0763672
5.419706,-0.0023531010242318117,0.0763672
5.414054,0.003996899351477623,0.14999349315302277
5.414054,-0.0023530961479991674,0.14999349315302277
5.412492,0.0036297627336814714,0.14999349315302277
5.412492,-0.001985961226352444,0.14999349315302277
5.412357,0.0035917384859939297,0.14999349315302277
5.412357,-0.0019479371543346155,0.14999349315302277
5.41247,0.0036235661896137665,0.14999349315302277
5.41247,-0.001979764710912396,0.14999349315302277
5.4121,0.003996899351477623,0.1461431
5.4121,-0.0023530961479991674,0.1461431
5.411251,0.003996899351477623,0.1351669
5.411251,-0.0023530961479991674,0.1351669
5.407534,0.003996899351477623,0.1238284
5.407534,-0.0023530961479991674,0.1238284
5.408592,0.003996899351477623,0.1110018
5.408592,-0.0023530966339096572,0.1110018
5.40846,0.003996899351477623,0.0993604
5.40846,-0.002353097917691257,0.0993604
5.40829,0.003996899351477623,0.0877774
5.40829,-0.0023530991931144138,0.0877774
5.407847,0.003996899586705312,0.0762859
5.407847,-0.0023531004448506428,0.0762859
5.396472,0.003996899351477623,0.087528
5.396472,-0.0023530986343996644,0.087528
5.384792,0.003996899351477623,0.0872535
5.384792,-0.0023530980853139604,0.0872535
5.37311,0.003996899351477623,0.0875393
5.37311,-0.002353097474025464,0.0875393
5.36118,0.003996899351477623,0.0883261
5.36118,-0.0023530967949015194,0.0883261
5.348238,0.003996899351477623,0.0916225
5.348238,-0.0023530961479991674,0.0916225
5.334311,0.003996899351477623,0.0893674
5.334311,-0.0023530961479991674,0.0893674
5.322428,0.003996899351477623,0.0882879
5.322428,-0.0023530961479991674,0.0882879
5.311069,0.003996899351477623,0.0871028
5.311069,-0.0023530961479991674,0.0871028
5.299536,0.003996899351477623,0.0838061
5.299536,-0.0023530961479991674,0.0838061
5.288165,0.00267859237251686,0.0823935
5.288165,-0.0010348337687654241,0.0823935
5.396723,0.003996899351477623,0.1096949
5.396723,-0.0023530961898776347,0.1096949
5.385725,0.003996899351477623,0.1089311
5.385725,-0.0023530961479991674,0.1089311
5.374262,0.003996899351477623,0.1089138
5.374262,-0.0023530961479991674,0.1089138
5.363225,0.003996899351477623,0.1083513
5.363225,-0.0023530961479991674,0.1083513
5.352755,0.003996899351477623,0.1076107
5.352755,-0.0023530961479991674,0.1076107
5.342797,0.003996899351477623,0.1038179
5.342797,-0.0023530961479991674,0.1038179
5.331487,0.003996899351477623,0.1014625
5.331487,-0.0023530961479991674,0.1014625
5.320528,0.0027642429044244035,0.1003115
5.320528,-0.0011204736977475202,0.1003115
5.396468,0.003996899351477623,0.1200749
5.396468,-0.0023530961479991674,0.1200749
5.385544,0.003996899351477623,0.1190333
5.385544,-0.0023530961479991674,0.1190333
5.374588,0.003996899351477623,0.1206984
5.374588,-0.0023530961479991674,0.1206984
5.362228,0.003996899351477623,0.1188711
5.362228,-0.0023530961479991674,0.1188711
5.350466,0.0014709663398942462,0.1196104
5.369924,0.0018697088252563824,0.1296944
5.369924,-0.0002259270129157966,0.1296944
5.402045,0.003996899351477623,0.1366077
5.402045,-0.0023530961479991674,0.1366077
5.39405,0.003996899351477623,0.1359346
5.39405,-0.0023530961479991674,0.1359346
5.385267,0.003712917542815567,0.1346122
5.385267,-0.002069124413473041,0.1346122
5.377813,0.0023799716613362577,0.1330911
5.377813,-0.0007361855566373895,0.1330911
5.402432,0.002856994479872204,0.1459043
5.402432,-0.0012131988721484125,0.1459043
5.405406,9.880064891246218e-06,0.14999349315302277
5.386601,0.003996899351477623,0.1270845
5.386601,-0.0023530961479991674,0.1270845
5.394344,0.003996899351477623,0.1280173
5.394344,-0.0023530961479991674,0.1280173
5.40177,0.003996899351477623,0.1293309
5.40177,-0.0023530961479991674,0.1293309
5.379313,0.003996899351477623,0.1266272
5.379313,-0.0023530961479991674,0.1266272
5.396908,0.003996899351477623,0.0986532
5.396908,-0.0023530974229167578,0.0986532
5.385299,0.003996899351477623,0.0982822
5.385299,-0.0023530968880498115,0.0982822
5.374046,0.003996899351477623,0.0981342
5.374046,-0.0023530963461287665,0.0981342
5.363311,0.003996899351477623,0.0984638
5.363311,-0.0023530961479991674,0.0984638
5.354712,0.003996899351477623,0.098971
5.354712,-0.0023530961479991674,0.098971
5.347932,0.003996899351477623,0.0773168
5.347932,-0.002353097357861891,0.0773168
5.335531,0.003996899351477623,0.0769332
5.335531,-0.0023530967850959013,0.0769332
5.323757,0.003996899351477623,0.0761453
5.323757,-0.002353096288251494,0.0761453
5.312618,0.003996899351477623,0.0742296
5.312618,-0.0023530961479991674,0.0742296
5.360346,0.003996899351477623,0.0766873
5.360346,-0.0023530980435647222,0.0766873
5.372296,0.003996899351477623,0.0761395
5.372296,-0.00235309869719026,0.0761395
5.384186,0.003996899351477623,0.0761098
5.384186,-0.0023530992904127373,0.0761098
5.396017,0.003996899351477623,0.0761244
5.396017,-0.002353099875797684,0.0761244
5.480883,0.003996899351477623,0.14999349315302277
5.480883,-0.0023530961479991674,0.14999349315302277
5.481452,0.003996899351477623,0.14999349315302277
5.481452,-0.0023530961479991674,0.14999349315302277
5.481995,0.003996899351477623,0.14999349315302277
5.481995,-0.0023530961479991674,0.14999349315302277
5.482513,0.003996899351477623,0.14999349315302277
5.482513,-0.0023530961479991674,0.14999349315302277
5.48293,0.00399689960804407,0.1450059
5.48293,-0.0023530965532318165,0.1450059
5.482796,0.003996879517110243,0.0760079
5.482796,-0.0023530972052045254,0.0760079
5.483473,0.003996876974585939,0.0874931
5.483473,-0.0023530961479991674,0.0874931
5.483373,0.003996901271288246,0.0989482
5.483373,-0.002353100774678556,0.0989482
5.483279,0.0039969035691387,0.1104721
5.483279,-0.0023531003982684307,0.1104721
5.483318,0.0039969022734495695,0.1219088
5.483318,-0.002353099132561487,0.1219088
5.483167,0.003996900939350479,0.1335091
5.483167,-0.0023530978392941647,0.1335091
5.278423,0.0034323542682840576,0.0754529
5.278423,-0.0017885795121813368,0.0754529
5.273996,0.003996899351477623,0.0692734
5.273996,-0.0023530961479991674,0.0692734
5.272884,0.001711045489742651,0.0757728
5.272884,-6.726529880989604e-05,0.0757728
5.262728,0.0017076745873545196,0.0701032
5.262728,-6.389436478762656e-05,0.0701032
5.28269,0.000420079984366816,0.0822204
5.289532,0.003996899351477623,0.0752111
5.289532,-0.0023530961479991674,0.0752111
5.285264,0.003996899351477623,0.0684436
5.285264,-0.0023530961479991674,0.0684436
5.283977,0.003996899351477623,0.075332
5.283977,-0.0023530961479991674,0.075332
5.296533,0.003996899351477623,0.0676138
5.296533,-0.0023530961479991674,0.0676138
5.29385,0.003923896936036699,0.0830998
5.29385,-0.002280097411143364,0.0830998
5.300851,0.003996899351477623,0.0755025
5.300851,-0.0023530961479991674,0.0755025
5.295192,0.003996899351477623,0.0753568
5.295192,-0.0023530961479991674,0.0753568
5.298158,0.0011179221341291719,0.0910755
5.313027,0.003996899351477623,0.0702993
5.313027,-0.002353096403844842,0.0702993
5.307801,0.003996899351477623,0.066784
5.307801,-0.0023530965341885314,0.066784
5.307392,0.003996899351477623,0.0707142
5.307392,-0.0023530961479991674,0.0707142
5.309407,0.003996899351477623,0.0692658
5.309407,-0.002353096338789021,0.0692658
5.488398,0.003996909009138198,0.0624843
5.488398,-0.0023530961479991674,0.0624843
5.305303,0.003996899351477623,0.0854545
5.305303,-0.0023530961479991674,0.0854545
5.310614,0.0027695243679269513,0.09476
5.310614,-0.0011257582993352768,0.09476
5.304386,0.0019437223116180826,0.0929178
5.304386,-0.0002999516153334737,0.0929178
5.311844,0.003996899351477623,0.0806662
5.311844,-0.0023530961479991674,0.0806662
5.306348,0.003996899351477623,0.0780844
5.306348,-0.0023530961479991674,0.0780844
5.316748,0.003996899351477623,0.0876954
5.316748,-0.0023530961479991674,0.0876954
5.323092,0.003996899351477623,0.0822166
5.323092,-0.0023530961479991674,0.0822166
5.318188,0.003996899351477623,0.0751875
5.318188,-0.0023530961479991674,0.0751875
5.317468,0.003996899351477623,0.0814414
5.317468,-0.0023530961479991674,0.0814414
5.321478,0.003996899351477623,0.0942997
5.321478,-0.0023530961479991674,0.0942997
5.316046,0.003996899351477623,0.0945299
5.316046,-0.0023530961479991674,0.0945299
5.32423,0.003996899351477623,0.0708423
5.32423,-0.0023530968995033666,0.0708423
5.319069,0.003996899351477623,0.0659542
5.319069,-0.002353097185233003,0.0659542
5.318628,0.003996899351477623,0.0705708
5.318628,-0.0023530966516492964,0.0705708
5.335751,0.003996899351477623,0.0708214
5.335751,-0.0023530974734422643,0.0708214
5.330338,0.003996899351477623,0.0651244
5.330338,-0.002353097836327091,0.0651244
5.329644,0.003996899351477623,0.0765393
5.329644,-0.002353096536668156,0.0765393
5.329991,0.003996899351477623,0.0708318
5.329991,-0.0023530971865031655,0.0708318
5.328369,0.003996899351477623,0.0888276
5.328369,-0.0023530961479991674,0.0888276
5.334921,0.003996899351477623,0.0831503
5.334921,-0.0023530961479991674,0.0831503
5.329007,0.003996899351477623,0.0826835
5.329007,-0.0023530961479991674,0.0826835
5.326007,0.003996899351477623,0.100887
5.326007,-0.0023530961479991674,0.100887
5.332899,0.003996899351477623,0.0954149
5.332899,-0.0023530961479991674,0.0954149
5.327188,0.003996899351477623,0.0948573
5.327188,-0.0023530961479991674,0.0948573
5.329968,0.002125083714828126,0.1068559
5.329968,-0.00048131373292402814,0.1068559
5.324758,0.0011521449745196504,0.1058746
5.340879,0.003840298154558579,0.1095506
5.340879,-0.00219650284220029,0.1095506
5.337142,0.003996899351477623,0.1026402
5.337142,-0.0023530961479991674,0.1026402
5.335423,0.002982524906726157,0.1082033
5.335423,-0.0013387501959316634,0.1082033
5.341274,0.003996899351477623,0.090495
5.341274,-0.0023530961479991674,0.090495
5.345517,0.003996899351477623,0.0977202
5.345517,-0.0023530961479991674,0.0977202
5.339208,0.003996899351477623,0.0965676
5.339208,-0.0023530961479991674,0.0965676
5.348085,0.003996899351477623,0.0844697
5.348085,-0.002353096572626826,0.0844697
5.341732,0.003996899351477623,0.077125
5.341732,-0.0023530970715037037,0.077125
5.341503,0.003996899351477623,0.08381
5.341503,-0.0023530963191774057,0.08381
5.347905,0.003996899351477623,0.0710131
5.347905,-0.0023530980552233433,0.0710131
5.341924,0.003996899351477623,0.0647095
5.341924,-0.002353098457161904,0.0647095
5.341828,0.003996899351477623,0.0709172
5.341828,-0.002353097764338346,0.0709172
5.360064,0.003996899351477623,0.0706984
5.360064,-0.002353098693381794,0.0706984
5.35383,0.003996899351477623,0.0647095
5.35383,-0.0023530990478862887,0.0647095
5.354139,0.003996899351477623,0.0770021
5.354139,-0.0023530977007077646,0.0770021
5.353985,0.003996899351477623,0.0708558
5.353985,-0.0023530983743218345,0.0708558
5.354709,0.003996899351477623,0.0899743
5.354709,-0.002353096291152182,0.0899743
5.360763,0.003996899351477623,0.0825067
5.360763,-0.002353097419233121,0.0825067
5.354424,0.003996899351477623,0.0834882
5.354424,-0.0023530969959299733,0.0834882
5.362245,0.003996899351477623,0.0933949
5.362245,-0.0023530962859172654,0.0933949
5.351475,0.003996899351477623,0.0952968
5.351475,-0.0023530961479991674,0.0952968
5.359012,0.003996899351477623,0.0987174
5.359012,-0.0023530961479991674,0.0987174
5.35686,0.003996899351477623,0.0943459
5.35686,-0.0023530961479991674,0.0943459
5.35799,0.003996899351477623,0.107981
5.35799,-0.0023530961479991674,0.107981
5.363268,0.003996899351477623,0.1034075
5.363268,-0.0023530961479991674,0.1034075
5.353733,0.003996899351477623,0.1032909
5.353733,-0.0023530961479991674,0.1032909
5.358501,0.003996899351477623,0.1033492
5.358501,-0.0023530961479991674,0.1033492
5.356347,0.003313721553843116,0.1192407
5.356347,-0.0016699390253396432,0.1192407
5.362727,0.003996899351477623,0.1136112
5.362727,-0.0023530961479991674,0.1136112
5.35161,0.003996899351477623,0.1136105
5.35161,-0.0023530961479991674,0.1136105
5.357169,0.003996899351477623,0.1136109
5.357169,-0.0023530961479991674,0.1136109
5.361844,0.0027579272227892977,0.1234159
5.361844,-0.0011141448835640768,0.1234159
5.357065,0.001473754120104517,0.1232931
5.344713,0.0007029500855398718,0.1174469
5.347776,0.003996899351477623,0.1057143
5.347776,-0.0023530961479991674,0.1057143
5.346245,0.003996899351477623,0.1115806
5.346245,-0.0023530961479991674,0.1115806
5.349625,0.003996899351477623,0.1005055
5.349625,-0.0023530961479991674,0.1005055
5.365692,0.0005292362800464798,0.1288276
5.372256,0.003996899351477623,0.1251964
5.372256,-0.0023530961479991674,0.1251964
5.368408,0.003996899351477623,0.1197848
5.368408,-0.0023530961479991674,0.1197848
5.36705,0.0037755896164723647,0.1243062
5.36705,-0.0021317975647714635,0.1243062
5.368743,0.003996899351477623,0.1086325
5.368743,-0.0023530961479991674,0.1086325
5.374425,0.003996899351477623,0.1148061
5.374425,-0.0023530961479991674,0.1148061
5.368576,0.003996899351477623,0.1142087
5.368576,-0.0023530961479991674,0.1142087
5.374154,0.003996899351477623,0.103524
5.374154,-0.0023530961479991674,0.103524
5.368679,0.003996899351477623,0.098299
5.368679,-0.0023530961479991674,0.098299
5.368711,0.003996899351477623,0.1034658
5.368711,-0.0023530961479991674,0.1034658
5.373578,0.003996899351477623,0.0928368
5.373578,-0.0023530969100715735,0.0928368
5.367145,0.003996899351477623,0.0879327
5.367145,-0.0023530971344634917,0.0879327
5.367912,0.003996899351477623,0.0931158
5.367912,-0.0023530965980247693,0.0931158
5.372703,0.003996899351477623,0.0818394
5.372703,-0.002353098085607862,0.0818394
5.366321,0.003996899351477623,0.0764134
5.366321,-0.0023530983703774913,0.0764134
5.366733,0.003996899351477623,0.0821731
5.366733,-0.0023530977524149495,0.0821731
5.371992,0.003996899351477623,0.0704245
5.371992,-0.002353099315556755,0.0704245
5.365736,0.003996899351477623,0.0647095
5.365736,-0.002353099638610674,0.0647095
5.366028,0.003996899351477623,0.0705614
5.366028,-0.0023530990044748168,0.0705614
5.38389,0.003996899351477623,0.0704096
5.38389,-0.0023530999075357284,0.0704096
5.377641,0.003996899351477623,0.0647095
5.377641,-0.002353100229285443,0.0647095
5.378241,0.003996899351477623,0.0761247
5.378241,-0.0023530989937959566,0.0761247
5.377941,0.003996899351477623,0.0704171
5.377941,-0.0023530996115406996,0.0704171
5.378951,0.003996899351477623,0.0873964
5.378951,-0.002353097779669712,0.0873964
5.384489,0.003996899351477623,0.0816816
5.384489,-0.0023530986878688904,0.0816816
5.378596,0.003996899351477623,0.0817605
5.378596,-0.002353098386738376,0.0817605
5.385046,0.003996899351477623,0.0927678
5.385046,-0.002353097486712236,0.0927678
5.379672,0.003996899351477623,0.0982082
5.379672,-0.0023530966170644814,0.0982082
5.379312,0.003996899351477623,0.0928023
5.379312,-0.0023530971983919046,0.0928023
5.379993,0.003996899351477623,0.1089224
5.379993,-0.0023530961479991674,0.1089224
5.385512,0.003996899351477623,0.1036066
5.385512,-0.0023530963084623284,0.1036066
5.379833,0.003996899351477623,0.1035653
5.379833,-0.0023530961479991674,0.1035653
5.380066,0.003996899351477623,0.1198659
5.380066,-0.0023530961479991674,0.1198659
5.385634,0.003996899351477623,0.1139822
5.385634,-0.0023530961479991674,0.1139822
5.38003,0.003996899351477623,0.1143942
5.38003,-0.0023530961479991674,0.1143942
5.386073,0.003996899351477623,0.1230589
5.386073,-0.0023530961479991674,0.1230589
5.37695,0.003996899351477623,0.1236628
5.37695,-0.0023530961479991674,0.1236628
5.382957,0.003996899351477623,0.1268558
5.382957,-0.0023530961479991674,0.1268558
5.381512,0.003996899351477623,0.1233609
5.381512,-0.0023530961479991674,0.1233609
5.38154,0.0030464697994960974,0.1338516
5.38154,-0.0014026801823874655,0.1338516
5.385934,0.003996899351477623,0.1308484
5.385934,-0.0023530961479991674,0.1308484
5.378563,0.003996899351477623,0.1298591
5.378563,-0.0023530961479991674,0.1298591
5.382249,0.003996899351477623,0.1303537
5.382249,-0.0023530961479991674,0.1303537
5.373869,0.0021249558764232603,0.1313928
5.373869,-0.00048117191734082924,0.1313928
5.37541,0.003996899351477623,0.1275278
5.37541,-0.0023530961479991674,0.1275278
5.384667,0.0013456475655745821,0.1389743
5.389659,0.003996899351477623,0.1352734
5.389659,-0.0023530961479991674,0.1352734
5.393416,0.0030567999860715693,0.1404687
5.393416,-0.0014130065517197587,0.1404687
5.389041,0.0022010829452759405,0.1397215
5.389041,-0.0005572938899371929,0.1397215
5.394197,0.003996899351477623,0.1319759
5.394197,-0.0023530961479991674,0.1319759
5.390473,0.003996899351477623,0.1275509
5.390473,-0.0023530961479991674,0.1275509
5.390066,0.003996899351477623,0.1314121
5.390066,-0.0023530961479991674,0.1314121
5.403965,0.0012280385853026452,0.14999349315302277
5.402565,0.0008337130537286948,0.14999349315302277
5.413273,0.0038497400480808712,0.14999349315302277
5.413273,-0.0022059375244700263,0.14999349315302277
5.406108,0.001831638309704459,0.14999349315302277
5.406108,-0.00018784510960100754,0.14999349315302277
5.40973,0.0028518147921048572,0.14999349315302277
5.40973,-0.0012080168788480448,0.14999349315302277
5.407919,0.002341726550904658,0.14999349315302277
5.407919,-0.0006979309942245302,0.14999349315302277
5.40808,0.0023870739870357374,0.14999349315302277
5.40808,-0.0007432782208532104,0.14999349315302277
5.413845,0.003996899351477623,0.14999349315302277
5.413845,-0.0023530961479991674,0.14999349315302277
5.408905,0.002619444389570297,0.14999349315302277
5.408905,-0.0009756475498506317,0.14999349315302277
5.419192,0.003996899351477623,0.14999349315302277
5.419192,-0.0023530961479991674,0.14999349315302277
5.424659,0.003996899351477623,0.14999349315302277
5.424659,-0.0023530961479991674,0.14999349315302277
5.419312,0.003996899351477623,0.14999349315302277
5.419312,-0.0023530961479991674,0.14999349315302277
5.419252,0.003996899351477623,0.14999349315302277
5.419252,-0.0023530961479991674,0.14999349315302277
5.424286,0.003996899351477623,0.14999349315302277
5.424286,-0.0023530961479991674,0.14999349315302277
5.418247,0.003996899351477623,0.14999349315302277
5.418247,-0.0023530961479991674,0.14999349315302277
5.41878,0.003996899351477623,0.14999349315302277
5.41878,-0.0023530961479991674,0.14999349315302277
5.430305,0.003996899351477623,0.14999349315302277
5.430305,-0.0023530961479991674,0.14999349315302277
5.43574,0.003996899351477623,0.14999349315302277
5.43574,-0.0023530961479991674,0.14999349315302277
5.430094,0.003996899351477623,0.14999349315302277
5.430094,-0.0023530961479991674,0.14999349315302277
5.430199,0.003996899351477623,0.14999349315302277
5.430199,-0.0023530961479991674,0.14999349315302277
5.435425,0.003996899351477623,0.14999349315302277
5.435425,-0.0023530961479991674,0.14999349315302277
5.429616,0.003996899351477623,0.14999349315302277
5.429616,-0.0023530961479991674,0.14999349315302277
5.429855,0.003996899351477623,0.14999349315302277
5.429855,-0.0023530961479991674,0.14999349315302277
5.441417,0.003996899351477623,0.14999349315302277
5.441417,-0.0023530961479991674,0.14999349315302277
5.446874,0.003996899351477623,0.14999349315302277
5.446874,-0.0023530961479991674,0.14999349315302277
5.441197,0.003996899351477623,0.14999349315302277
5.441197,-0.0023530961479991674,0.14999349315302277
5.441307,0.003996899351477623,0.14999349315302277
5.441307,-0.0023530961479991674,0.14999349315302277
5.446671,0.003996899351477623,0.14999349315302277
5.446671,-0.0023530961479991674,0.14999349315302277
5.440899,0.003996899351477623,0.14999349315302277
5.440899,-0.0023530961479991674,0.14999349315302277
5.441048,0.003996899351477623,0.14999349315302277
5.441048,-0.0023530961479991674,0.14999349315302277
5.45253,0.003996899351477623,0.14999349315302277
5.45253,-0.0023530961479991674,0.14999349315302277
5.458072,0.003996899351477623,0.14999349315302277
5.458072,-0.0023530961479991674,0.14999349315302277
5.452416,0.003996899351477623,0.14999349315302277
5.452416,-0.0023530961479991674,0.14999349315302277
5.452473,0.003996899351477623,0.14999349315302277
5.452473,-0.0023530961479991674,0.14999349315302277
5.458034,0.003996899351477623,0.14999349315302277
5.458034,-0.0023530961479991674,0.14999349315302277
5.452289,0.003996899351477623,0.14999349315302277
5.452289,-0.0023530961479991674,0.14999349315302277
5.452352,0.003996899351477623,0.14999349315302277
5.452352,-0.0023530961479991674,0.14999349315302277
5.463642,0.003996899351477623,0.14999349315302277
5.463642,-0.0023530961479991674,0.14999349315302277
5.469312,0.003996899351477623,0.14999349315302277
5.469312,-0.0023530961479991674,0.14999349315302277
5.463741,0.003996899351477623,0.14999349315302277
5.463741,-0.0023530961479991674,0.14999349315302277
5.463692,0.003996899351477623,0.14999349315302277
5.463692,-0.0023530961479991674,0.14999349315302277
5.469532,0.003996899351477623,0.14999349315302277
5.469532,-0.0023530961479991674,0.14999349315302277
5.463824,0.003996899351477623,0.14999349315302277
5.463824,-0.0023530961479991674,0.14999349315302277
5.463783,0.003996899351477623,0.14999349315302277
5.463783,-0.0023530961479991674,0.14999349315302277
5.475154,0.003996899351477623,0.14999349315302277
5.475154,-0.0023530961479991674,0.14999349315302277
5.474755,0.003996899351477623,0.14999349315302277
5.474755,-0.0023530961479991674,0.14999349315302277
5.480597,0.003996899351477623,0.14999349315302277
5.480597,-0.0023530961479991674,0.14999349315302277
5.474954,0.003996899351477623,0.14999349315302277
5.474954,-0.0023530961479991674,0.14999349315302277
5.475546,0.003996899351477623,0.14999349315302277
5.475546,-0.0023530961479991674,0.14999349315302277
5.481167,0.003996899351477623,0.14999349315302277
5.481167,-0.0023530961479991674,0.14999349315302277
5.47535,0.003996899351477623,0.14999349315302277
5.47535,-0.0023530961479991674,0.14999349315302277
5.485867,0.003996899351477623,0.14999349315302277
5.485867,-0.0023530961479991674,0.14999349315302277
5.48664,0.0035738810569391545,0.14999349315302277
5.48664,-0.0019300798077778445,0.14999349315302277
5.486254,0.0037959450580647694,0.14999349315302277
5.486254,-0.0021521427829812676,0.14999349315302277
5.487412,0.0031297530546889486,0.14999349315302277
5.487412,-0.0014859538573720203,0.14999349315302277
5.487026,0.0033518170558140517,0.14999349315302277
5.487026,-0.0017080168325749323,0.14999349315302277
5.488171,0.0026931038918543908,0.14999349315302277
5.488171,-0.0010493067118300598,0.14999349315302277
5.481724,0.003996899351477623,0.14999349315302277
5.481724,-0.0023530961479991674,0.14999349315302277
5.487791,0.002911716120941817,0.14999349315302277
5.487791,-0.0012679179309422724,0.14999349315302277
5.488916,0.0022645088637762837,0.14999349315302277
5.488916,-0.0006207136638349384,0.14999349315302277
5.482254,0.003996899351477623,0.14999349315302277
5.482254,-0.0023530961479991674,0.14999349315302277
5.488544,0.0024785187301454453,0.14999349315302277
5.488544,-0.0008347225414915224,0.14999349315302277
5.489612,0.002114959567339328,0.1448332
5.489612,-0.0004711564451824185,0.1448332
5.482721,0.003996899351477623,0.14999349315302277
5.482721,-0.0023530961479991674,0.14999349315302277
5.489264,0.0020643060855593614,0.14999349315302277
5.489264,-0.0004205118105426854,0.14999349315302277
5.483048,0.003996900273645124,0.1392575
5.483048,-0.0023530971962381826,0.1392575
5.490218,0.0023260291160007583,0.1333198
5.490218,-0.0006822058015233292,0.1333198
5.489915,0.0022204943416700438,0.1390765
5.489915,-0.0005766811233528739,0.1390765
5.483242,0.0039969016063535565,0.1277089
5.483242,-0.00235309848590856,0.1277089
5.490781,0.0025643545069173566,0.1217546
5.490781,-0.0009205107877388992,0.1217546
5.490499,0.0024454794591289492,0.1275372
5.490499,-0.0008016459409720912,0.1275372
5.491248,0.002853931724024085,0.1102712
5.491248,-0.0012100674998979089,0.1102712
5.483298,0.003996902921247667,0.1161904
5.483298,-0.002353099765395693,0.1161904
5.491014,0.0027094307631406124,0.1160129
5.491014,-0.001065576790159381,0.1160129
5.491782,0.003107083671121,0.0987442
5.491782,-0.001463199037556213,0.0987442
5.483326,0.003996904228880004,0.1047101
5.483326,-0.002353101039259505,0.1047101
5.491515,0.002980507697572543,0.1045077
5.491515,-0.0013366332687270613,0.1045077
5.49232,0.003356258125378268,0.0872516
5.49232,-0.0017123571895700386,0.0872516
5.483423,0.003996888012930888,0.0932206
5.483423,-0.0023530979286467304,0.0932206
5.492051,0.0032316729139598606,0.0929979
5.492051,-0.0015877781135631263,0.0929979
5.492468,0.0038304372489207854,0.075744
5.492468,-0.002186608650996205,0.075744
5.483135,0.003996877159320491,0.0817505
5.483135,-0.0023530961479991674,0.0817505
5.492394,0.003593347687149527,0.0814978
5.492394,-0.0019494829202831218,0.0814978
5.475396,0.003996906648410328,0.0761426
5.475396,-0.002353103812224121,0.0761426
5.468107,0.003996905216797741,0.08205
5.468107,-0.0023531027958001195,0.08205
5.475846,0.003996905386667493,0.0876578
5.475846,-0.0023531025582082974,0.0876578
5.475621,0.003996906017538911,0.0819002
5.475621,-0.002353103185216209,0.0819002
5.468339,0.003996903929089717,0.0935936
5.468339,-0.002353101527820225,0.0935936
5.475916,0.003996904087176885,0.0991564
5.475916,-0.0023531012871784536,0.0991564
5.475881,0.003996904736922189,0.0934071
5.475881,-0.0023531019226933755,0.0934071
5.468673,0.00399690265915747,0.1050744
5.468673,-0.002353100271861872,0.1050744
5.476082,0.003996902800744924,0.1106282
5.476082,-0.002353100023882224,0.1106282
5.475999,0.003996903443960904,0.1048923
5.475999,-0.0023531006555303387,0.1048923
5.46912,0.003996901399079207,0.1165722
5.46912,-0.002353099019625815,0.1165722
5.476336,0.003996901519581951,0.1221344
5.476336,-0.002353098761139284,0.1221344
5.476209,0.003996902160163437,0.1163813
5.476209,-0.002353099392510754,0.1163813
5.469587,0.0039969001390299345,0.1280881
5.469587,-0.00235309776637587,0.1280881
5.476494,0.003996900225905841,0.1336626
5.476494,-0.0023530974911947617,0.1336626
5.476415,0.003996900872743896,0.1278985
5.476415,-0.0023530981261670227,0.1278985
5.469909,0.003996899351477623,0.139611
5.469909,-0.0023530965051557716,0.139611
5.476464,0.003996899351477623,0.1452059
5.476464,-0.0023530962102488086,0.1452059
5.476479,0.003996899568411145,0.1394342
5.476479,-0.002353096850727327,0.1394342
5.469982,0.003996899351477623,0.14999349315302277
5.469982,-0.0023530961479991674,0.14999349315302277
5.47624,0.003996899351477623,0.14999349315302277
5.47624,-0.0023530961479991674,0.14999349315302277
5.476352,0.003996899351477623,0.14999349315302277
5.476352,-0.0023530961479991674,0.14999349315302277
5.469906,0.003996899351477623,0.14999349315302277
5.469906,-0.0023530961479991674,0.14999349315302277
5.47592,0.003996899351477623,0.14999349315302277
5.47592,-0.0023530961479991674,0.14999349315302277
5.47608,0.003996899351477623,0.14999349315302277
5.47608,-0.0023530961479991674,0.14999349315302277
5.469741,0.003996899351477623,0.14999349315302277
5.469741,-0.0023530961479991674,0.14999349315302277
5.475733,0.003996899351477623,0.14999349315302277
5.475733,-0.0023530961479991674,0.14999349315302277
5.457977,0.003996899351477623,0.14999349315302277
5.457977,-0.0023530961479991674,0.14999349315302277
5.463894,0.003996899351477623,0.14999349315302277
5.463894,-0.0023530961479991674,0.14999349315302277
5.463859,0.003996899351477623,0.14999349315302277
5.463859,-0.0023530961479991674,0.14999349315302277
5.457902,0.003996899351477623,0.14999349315302277
5.457902,-0.0023530961479991674,0.14999349315302277
5.463914,0.003996899351477623,0.14999349315302277
5.463914,-0.0023530961479991674,0.14999349315302277
5.463904,0.003996899351477623,0.14999349315302277
5.463904,-0.0023530961479991674,0.14999349315302277
5.451966,0.003996899351477623,0.14999349315302277
5.451966,-0.0023530961479991674,0.14999349315302277
5.446202,0.003996899351477623,0.14999349315302277
5.446202,-0.0023530961479991674,0.14999349315302277
5.452138,0.003996899351477623,0.14999349315302277
5.452138,-0.0023530961479991674,0.14999349315302277
5.452052,0.003996899351477623,0.14999349315302277
5.452052,-0.0023530961479991674,0.14999349315302277
5.44645,0.003996899351477623,0.14999349315302277
5.44645,-0.0023530961479991674,0.14999349315302277
5.452213,0.003996899351477623,0.14999349315302277
5.452213,-0.0023530961479991674,0.14999349315302277
5.43508,0.003996899351477623,0.14999349315302277
5.43508,-0.0023530961479991674,0.14999349315302277
5.440632,0.003996899351477623,0.14999349315302277
5.440632,-0.0023530961479991674,0.14999349315302277
5.440765,0.003996899351477623,0.14999349315302277
5.440765,-0.0023530961479991674,0.14999349315302277
5.434784,0.003996899351477623,0.14999349315302277
5.434784,-0.0023530961479991674,0.14999349315302277
5.440355,0.003996899351477623,0.14999349315302277
5.440355,-0.0023530961479991674,0.14999349315302277
5.440493,0.003996899351477623,0.14999349315302277
5.440493,-0.0023530961479991674,0.14999349315302277
5.429001,0.003996899351477623,0.14999349315302277
5.429001,-0.0023530961479991674,0.14999349315302277
5.423501,0.003996899351477623,0.14999349315302277
5.423501,-0.0023530961479991674,0.14999349315302277
5.429284,0.003996899351477623,0.14999349315302277
5.429284,-0.0023530961479991674,0.14999349315302277
5.429142,0.003996899351477623,0.14999349315302277
5.429142,-0.0023530961479991674,0.14999349315302277
5.42382,0.003996899351477623,0.14999349315302277
5.42382,-0.0023530961479991674,0.14999349315302277
5.42945,0.003996899351477623,0.14999349315302277
5.42945,-0.0023530961479991674,0.14999349315302277
5.412414,0.003607793168350858,0.14999349315302277
5.412414,-0.0019639917625198884,0.14999349315302277
5.417997,0.003996899351477623,0.14999349315302277
5.417997,-0.0023530961479991674,0.14999349315302277
5.417918,0.003996899351477623,0.14999349315302277
5.417918,-0.0023530961479991674,0.14999349315302277
5.417957,0.003996899351477623,0.14999349315302277
5.417957,-0.0023530961479991674,0.14999349315302277
5.412424,0.0036106097792905647,0.14999349315302277
5.412424,-0.001966808360447027,0.14999349315302277
5.418122,0.003996899351477623,0.14999349315302277
5.418122,-0.0023530961479991674,0.14999349315302277
5.406633,0.0019795103840448153,0.14999349315302277
5.406633,-0.00033571650078136463,0.14999349315302277
5.40637,0.001905433516327627,0.14999349315302277
5.40637,-0.0002616399752948075,0.14999349315302277
5.407105,0.0021124544204038256,0.14999349315302277
5.407105,-0.0004686599229470046,0.14999349315302277
5.406869,0.0020459824022244456,0.14999349315302277
5.406869,-0.0004021882118643128,0.14999349315302277
5.397607,0.0017251092458307258,0.1454536
5.397607,-8.131912409513022e-05,0.1454536
5.398047,0.003996899351477623,0.1362711
5.398047,-0.0023530961479991674,0.1362711
5.402239,0.003996899351477623,0.141256
5.402239,-0.0023530961479991674,0.141256
5.397827,0.003996899351477623,0.1408624
5.397827,-0.0023530961479991674,0.1408624
5.412285,0.0035714588872271906,0.14999349315302277
5.412285,-0.0019276576492583944,0.14999349315302277
5.407266,0.003996899351477623,0.1460237
5.407266,-0.0023530961479991674,0.1460237
5.407186,0.0021352689690165003,0.14999349315302277
5.407186,-0.0004914743661578554,0.14999349315302277
5.423209,0.003996899351477623,0.14999349315302277
5.423209,-0.0023530961479991674,0.14999349315302277
5.417577,0.003996899351477623,0.1460409
5.417577,-0.0023530961479991674,0.1460409
5.417747,0.003996899351477623,0.14999349315302277
5.417747,-0.0023530961479991674,0.14999349315302277
5.411676,0.003996899351477623,0.140655
5.411676,-0.0023530961479991674,0.140655
5.406648,0.003996899351477623,0.1358873
5.406648,-0.0023530961479991674,0.1358873
5.406957,0.003996899351477623,0.1409555
5.406957,-0.0023530961479991674,0.1409555
5.409393,0.003996899351477623,0.1294977
5.409393,-0.0023530961479991674,0.1294977
5.404652,0.003996899351477623,0.1265797
5.404652,-0.0023530961479991674,0.1265797
5.401907,0.003996899351477623,0.1329693
5.401907,-0.0023530961479991674,0.1329693
5.40565,0.003996899351477623,0.1312335
5.40565,-0.0023530961479991674,0.1312335
5.398057,0.003996899351477623,0.1286741
5.398057,-0.0023530961479991674,0.1286741
5.402001,0.003996899351477623,0.1219516
5.402001,-0.0023530961479991674,0.1219516
5.395406,0.003996899351477623,0.1240461
5.395406,-0.0023530961479991674,0.1240461
5.400029,0.003996899351477623,0.1253129
5.400029,-0.0023530961479991674,0.1253129
5.398052,0.003996899351477623,0.1324726
5.398052,-0.0023530961479991674,0.1324726
5.391006,0.003996899351477623,0.1195541
5.391006,-0.0023530961479991674,0.1195541
5.390739,0.003996899351477623,0.1235525
5.390739,-0.0023530961479991674,0.1235525
5.391224,0.003996899351477623,0.109313
5.391224,-0.0023530961479991674,0.109313
5.396595,0.003996899351477623,0.1148849
5.396595,-0.0023530961479991674,0.1148849
5.391115,0.003996899351477623,0.1144335
5.391115,-0.0023530961479991674,0.1144335
5.396815,0.003996899351477623,0.104174
5.396815,-0.0023530968063779304,0.104174
5.391103,0.003996899351477623,0.0984677
5.391103,-0.0023530971554584766,0.0984677
5.391164,0.003996899351477623,0.1038903
5.391164,-0.0023530965574449373,0.1038903
5.39669,0.003996899351477623,0.0930906
5.39669,-0.0023530980286582113,0.0930906
5.390632,0.003996899351477623,0.0873907
5.390632,-0.0023530983598623544,0.0873907
5.390868,0.003996899351477623,0.0929292
5.390868,-0.0023530977576852233,0.0929292
5.390102,0.003996899351477623,0.0761171
5.390102,-0.0023530995831300182,0.0761171
5.396244,0.003996899351477623,0.0818262
5.396244,-0.0023530992550738665,0.0818262
5.390367,0.003996899351477623,0.0817539
5.390367,-0.0023530989714961865,0.0817539
5.389547,0.003996899351477623,0.0647095
5.389547,-0.002353100820009828,0.0647095
5.395758,0.003996899351477623,0.070417
5.395758,-0.0023531004955545023,0.070417
5.389824,0.003996899351477623,0.0704133
5.389824,-0.002353100201545115,0.0704133
5.401932,0.003996899351477623,0.0762052
5.401932,-0.002353100160318621,0.0762052
5.407626,0.0039969002214715575,0.0704977
5.407626,-0.0023531010754487165,0.0704977
5.401452,0.0039969002353347416,0.0647095
5.401452,-0.0023531014106845972,0.0647095
5.401692,0.003996899607141587,0.0704573
5.401692,-0.0023531007855071514,0.0704573
5.402381,0.003996899351477623,0.0876527
5.402381,-0.0023530989137570393,0.0876527
5.408068,0.003996899351477623,0.0820316
5.408068,-0.0023530998189632626,0.0820316
5.402156,0.003996899351477623,0.0819289
5.402156,-0.0023530995370185646,0.0819289
5.408375,0.003996899351477623,0.0935689
5.408375,-0.0023530985554028353,0.0935689
5.402684,0.003996899351477623,0.0990068
5.402684,-0.0023530976703040074,0.0990068
5.402532,0.003996899351477623,0.0933297
5.402532,-0.0023530982920112573,0.0933297
5.402657,0.003996899351477623,0.1103483
5.402657,-0.00235309641187438,0.1103483
5.408526,0.003996899351477623,0.1051811
5.408526,-0.002353097275800457,0.1051811
5.402671,0.003996899351477623,0.1046776
5.402671,-0.0023530970411084597,0.1046776
5.408063,0.003996899351477623,0.1174151
5.408063,-0.0023530961479991674,0.1174151
5.402329,0.003996899351477623,0.11615
5.402329,-0.0023530961479991674,0.11615
5.420754,0.003996899351477623,0.1173187
5.420754,-0.0023530965371714964,0.1173187
5.41455,0.003996899351477623,0.1112143
5.41455,-0.0023530969059664627,0.1112143
5.414266,0.003996899351477623,0.1235195
5.414266,-0.0023530961479991674,0.1235195
5.414408,0.003996899351477623,0.1173669
5.414408,-0.002353096216967858,0.1173669
5.416654,0.003996899351477623,0.1350044
5.416654,-0.0023530961479991674,0.1350044
5.421528,0.003996899351477623,0.1290262
5.421528,-0.0023530961479991674,0.1290262
5.41546,0.003996899351477623,0.1292619
5.41546,-0.0023530961479991674,0.1292619
5.422555,0.003996899351477623,0.1403903
5.422555,-0.0023530961479991674,0.1403903
5.417115,0.003996899351477623,0.1405226
5.417115,-0.0023530961479991674,0.1405226
5.420466,0.003996899351477623,0.1055303
5.420466,-0.0023530978295065045,0.1055303
5.414441,0.003996899351477623,0.0994971
5.414441,-0.002353098199290883,0.0994971
5.414496,0.003996899351477623,0.1053557
5.414496,-0.002353097552653481,0.1053557
5.420231,0.003996899351477623,0.0938368
5.420231,-0.002353099113952444,0.0938368
5.414164,0.003996899351477623,0.0879086
5.414164,-0.0023530994700147806,0.0879086
5.414303,0.003996899351477623,0.0937029
5.414303,-0.0023530988346720976,0.0937029
5.419872,0.003996900168400464,0.0822035
5.419872,-0.0023531003855734793,0.0822035
5.413776,0.0039969002004910485,0.0763265
5.413776,-0.0023531007345219614,0.0763265
5.41397,0.0039968995625790996,0.0821176
5.41397,-0.0023531001022628287,0.0821176
5.419508,0.003996901456160357,0.0705383
5.419508,-0.0023531016604822273,0.0705383
5.413358,0.003996901477140866,0.0647095
5.413358,-0.0023531020014089825,0.0647095
5.413567,0.003996900838815957,0.070518
5.413567,-0.0023531013679654717,0.070518
5.434408,0.003996899351477623,0.14999349315302277
5.434408,-0.0023530961479991674,0.14999349315302277
5.428616,0.003996899351477623,0.1459803
5.428616,-0.0023530961479991674,0.1459803
5.428809,0.003996899351477623,0.14999349315302277
5.428809,-0.0023530961479991674,0.14999349315302277
5.445935,0.003996899351477623,0.14999349315302277
5.445935,-0.0023530961479991674,0.14999349315302277
5.439988,0.003996899351477623,0.1459455
5.439988,-0.0023530961479991674,0.1459455
5.440172,0.003996899351477623,0.14999349315302277
5.440172,-0.0023530961479991674,0.14999349315302277
5.433949,0.003996899351477623,0.140289
5.433949,-0.0023530961479991674,0.140289
5.445541,0.003996899351477623,0.1401629
5.445541,-0.0023530961479991674,0.1401629
5.439502,0.003996899351477623,0.1345064
5.439502,-0.0023530961479991674,0.1345064
5.439745,0.003996899351477623,0.1402259
5.439745,-0.0023530961479991674,0.1402259
5.427888,0.003996899351477623,0.1346989
5.427888,-0.0023530961479991674,0.1346989
5.428252,0.003996899351477623,0.1403396
5.428252,-0.0023530961479991674,0.1403396
5.433302,0.003996899351477623,0.1288433
5.433302,-0.0023530961479991674,0.1288433
5.426943,0.003996899351477623,0.1231705
5.426943,-0.002353096195630437,0.1231705
5.427415,0.003996899351477623,0.1289347
5.427415,-0.0023530961479991674,0.1289347
5.432717,0.003996899351477623,0.1172757
5.432717,-0.0023530971354900885,0.1172757
5.426528,0.003996899351477623,0.1114239
5.426528,-0.002353097477031148,0.1114239
5.426736,0.003996899351477623,0.1172972
5.426736,-0.0023530968363556,0.1172972
5.43232,0.003996899351477623,0.1056163
5.43232,-0.002353098408118648,0.1056163
5.426257,0.003996899351477623,0.0997227
5.426257,-0.002353098760544389,0.0997227
5.426393,0.003996899351477623,0.1055733
5.426393,-0.002353098118812576,0.1055733
5.431954,0.003996900091905204,0.0939649
5.431954,-0.0023530996813985747,0.0939649
5.425927,0.00399690013219265,0.0880791
5.425927,-0.00235310003474593,0.0880791
5.426092,0.0039968994877669865,0.0939009
5.426092,-0.0023530993976451594,0.0939009
5.431654,0.003996901388988348,0.0822764
5.431654,-0.002353100962065295,0.0822764
5.425599,0.003996901425184797,0.0764009
5.425599,-0.0023531013128817607,0.0764009
5.425763,0.003996900778688724,0.08224
5.425763,-0.0023531006738138453,0.08224
5.431354,0.003996902687878494,0.070572
5.431354,-0.0023531022444943685,0.070572
5.425264,0.00399690271894699,0.0647095
5.425264,-0.0023531025921333672,0.0647095
5.425431,0.003996902072013743,0.0705552
5.425431,-0.002353101952482756,0.0705552
5.443195,0.0039969039224163755,0.0705763
5.443195,-0.0023531028315171227,0.0705763
5.437169,0.003996903960648813,0.0647095
5.437169,-0.0023531031828081363,0.0647095
5.43738,0.0039969026496346925,0.0764389
5.43738,-0.002353101893192271,0.0764389
5.437275,0.003996903305193903,0.0705742
5.437275,-0.0023531025380250114,0.0705742
5.455095,0.003996905166199231,0.0705534
5.455095,-0.0023531034244820455,0.0705534
5.449075,0.003996905202454937,0.0647095
5.449075,-0.0023531037735325215,0.0647095
5.449215,0.0039969038861606705,0.0764202
5.449215,-0.0023531024824666466,0.0764202
5.449145,0.003996904544313486,0.0705648
5.449145,-0.002353103128005126,0.0705648
5.467464,0.00399690646311553,0.0704934
5.467464,-0.0023531040448288845,0.0704934
5.46098,0.00399690644415676,0.0647095
5.46098,-0.0023531043642072906,0.0647095
5.461578,0.003996905185053701,0.0763373
5.461578,-0.0023531031050540237,0.0763373
5.461279,0.00399690581460523,0.0705234
5.461279,-0.002353103734630657,0.0705234
5.472886,0.003996907685962883,0.0647095
5.472886,-0.002353104954931676,0.0647095
5.480818,0.003996907871257681,0.0703587
5.480818,-0.0023531047223269122,0.0703587
5.474141,0.003996907167192288,0.070426
5.474141,-0.00235310438358344,0.070426
5.455243,0.0039969038551489105,0.0822253
5.455243,-0.002353102138113682,0.0822253
5.461771,0.003996903886788649,0.087938
5.461771,-0.0023531018288101622,0.087938
5.461675,0.003996904535979008,0.0821376
5.461675,-0.002353102466962443,0.0821376
5.443345,0.00399690260681281,0.0822901
5.443345,-0.002353101540603801,0.0822901
5.449373,0.003996902575812414,0.0880951
5.449373,-0.0023531011962619206,0.0880951
5.449294,0.00399690323098086,0.0822577
5.449294,-0.0023531018393587416,0.0822577
5.437619,0.003996901346166466,0.0881276
5.437619,-0.0023531006094768252,0.0881276
5.4375,0.003996901997958412,0.0822832
5.4375,-0.002353101251364898,0.0822832
5.4436,0.003996901307763676,0.0939546
5.4436,-0.002353100260364531,0.0939546
5.437934,0.003996900053398114,0.0997919
5.437934,-0.0023530993322366644,0.0997919
5.437777,0.003996900699828758,0.0939598
5.437777,-0.0023530999708760107,0.0939598
5.455441,0.003996902556837123,0.093831
5.455441,-0.0023531008615637,0.093831
5.449668,0.003996901288788385,0.0996905
5.449668,-0.0023530999256663105,0.0996905
5.44952,0.00399690193224825,0.0938928
5.44952,-0.0023531005609393075,0.0938928
5.443981,0.003996900027027431,0.1055736
5.443981,-0.00235309899142005,0.1055736
5.450136,0.003996900021274463,0.111273
5.450136,-0.0023530986650840487,0.111273
5.455823,0.003996901283024053,0.10539
5.455823,-0.002353099599319225,0.10539
5.449902,0.003996900655025742,0.1054818
5.449902,-0.0023530992953696376,0.1054818
5.438366,0.003996899351477623,0.1113979
5.438366,-0.0023530980672635017,0.1113979
5.43815,0.003996899416428375,0.1055949
5.43815,-0.002353098699750083,0.1055949
5.444487,0.003996899351477623,0.1171515
5.444487,-0.0023530977332330474,0.1171515
5.438838,0.003996899351477623,0.1230294
5.438838,-0.00235309680144855,0.1230294
5.438602,0.003996899351477623,0.1172136
5.438602,-0.002353097434361568,0.1172136
5.445037,0.003996899351477623,0.1286924
5.445037,-0.002353096481330209,0.1286924
5.43917,0.003996899351477623,0.1287679
5.43917,-0.002353096181866558,0.1287679
5.451283,0.003996899351477623,0.1343355
5.451283,-0.002353096165749518,0.1343355
5.456999,0.003996899351477623,0.1284338
5.456999,-0.0023530971034962543,0.1284338
5.450753,0.003996899351477623,0.1227908
5.450753,-0.0023530974190658616,0.1227908
5.451018,0.003996899351477623,0.1285631
5.451018,-0.0023530967924132317,0.1285631
5.456402,0.003996900033929131,0.1169123
5.456402,-0.0023530983509168625,0.1169123
5.450444,0.003996899398912276,0.1170319
5.450444,-0.0023530980420501473,0.1170319
5.463035,0.003996900089965006,0.1225067
5.463035,-0.002353098059935343,0.1225067
5.462486,0.003996901342950395,0.1109777
5.462486,-0.002353099310568803,0.1109777
5.462761,0.003996900716509851,0.1167422
5.462761,-0.0023530986852768805,0.1167422
5.462009,0.003996902599126827,0.0994867
5.462009,-0.0023531005605626786,0.0994867
5.462248,0.003996901971090761,0.1052322
5.462248,-0.0023530999355905486,0.1052322
5.46189,0.003996903242963421,0.0937123
5.46189,-0.0023531011946919624,0.0937123
5.463551,0.003996899351477623,0.1340152
5.463551,-0.0023530968099367815,0.1340152
5.463293,0.003996899462910556,0.128261
5.463293,-0.00235309743493052,0.128261
5.457456,0.003996899351477623,0.1399496
5.457456,-0.0023530961479991674,0.1399496
5.463813,0.003996899351477623,0.1455454
5.463813,-0.0023530961479991674,0.1455454
5.463682,0.003996899351477623,0.1397803
5.463682,-0.0023530961774336965,0.1397803
5.451713,0.003996899351477623,0.145777
5.451713,-0.0023530961479991674,0.145777
5.451498,0.003996899351477623,0.1400562
5.451498,-0.0023530961479991674,0.1400562
5.457745,0.003996899351477623,0.14999349315302277
5.457745,-0.0023530961479991674,0.14999349315302277
5.45184,0.003996899351477623,0.14999349315302277
5.45184,-0.0023530961479991674,0.14999349315302277
5.463864,0.003996899351477623,0.14999349315302277
5.463864,-0.0023530961479991674,0.14999349315302277
5.492126,0.003996939341556223,0.0573806
5.492126,-0.0023530961479991674,0.0573806
5.488978,0.003996916898950332,0.0707216
5.488978,-0.0023530961479991674,0.0707216
5.497025,0.002047907754770211,0.0584853
5.497025,-0.0004040832167648099,0.0584853
5.495506,0.0026421168421294217,0.0642382
5.495506,-0.000998176794793927,0.0642382
5.493987,0.003236311940662279,0.0699911
5.493987,-0.0015923927065934905,0.0699911
5.490064,0.003996927803774692,0.0665454
5.490064,-0.0023530961479991674,0.0665454
